              precision    recall  f1-score   support

           A      1.000     1.000     1.000       514
           B      1.000     1.000     1.000       146
           C      0.993     1.000     0.997       148
           D      1.000     1.000     1.000       157
           E      1.000     1.000     1.000       140
           F      1.000     1.000     1.000       172
           G      1.000     1.000     1.000       147
           H      1.000     1.000     1.000       167
           I      1.000     1.000     1.000       163
           K      0.937     1.000     0.967       104
           L      1.000     1.000     1.000       170
           M      0.901     0.973     0.936       150
           N      0.971     0.894     0.931       151
           O      1.000     0.995     0.997       198
           P      1.000     0.964     0.982       196
           S      1.000     1.000     1.000       200

    accuracy                          0.990      2923
   macro avg      0.988     0.989     0.988      2923
weighted avg      0.991     0.990     0.990      2923
